349.996	1074.827295
350.24	1144.533376
350.505	1153.169314
350.75	1137.163698
350.994	1131.741819
351.259	1139.150918
351.504	1132.419128
351.748	1159.413399
351.992	1131.67067
352.257	1178.956951
352.502	1170.918552
352.746	1174.294153
352.991	1168.909804
353.255	1216.764429
353.5	1217.331416
353.744	1193.049774
354.009	1211.082824
354.253	1188.278792
354.497	1170.394766
354.742	1135.337154
355.006	1139.612302
355.251	1177.321784
355.495	1258.925242
355.76	1301.22589
356.004	1302.141378
356.248	1350.468502
356.493	1371.959584
356.757	1394.498167
357.001	1402.560743
357.246	1420.349562
357.49	1455.215464
357.754	1474.623381
357.999	1458.286907
358.243	1409.924242
358.507	1418.000546
358.751	1424.128744
358.996	1389.778609
359.26	1417.852215
359.504	1401.514309
359.748	1377.259566
359.992	1395.442134
360.257	1368.475047
360.501	1332.143214
360.745	1317.192252
361.01	1291.908641
361.254	1259.865625
361.498	1237.559995
361.742	1214.906719
362.006	1242.872476
362.25	1248.16171
362.494	1255.840428
362.758	1279.37883
363.002	1316.297975
363.246	1352.646344
363.49	1366.366233
363.755	1371.621656
363.999	1342.646508
364.243	1310.886085
364.507	1291.342394
364.751	1265.977789
364.995	1262.748995
365.259	1224.82385
365.503	1180.077609
365.747	1178.83545
365.99	1150.173997
366.255	1143.364851
366.499	1148.423653
366.742	1154.079705
367.006	1223.258858
367.25	1273.851373
367.494	1311.167991
367.758	1319.860849
368.002	1327.385508
368.246	1372.50674
368.51	1417.305566
368.754	1428.627905
368.997	1445.750093
369.241	1438.220909
369.505	1432.408888
369.749	1448.920789
369.992	1438.93835
370.256	1438.591436
370.5	1422.68186
370.744	1393.058335
371.008	1332.405393
371.251	1309.912536
371.495	1323.453926
371.759	1292.483975
372.003	1273.67572
372.246	1268.030563
372.51	1252.188513
372.754	1246.109146
372.997	1243.301163
373.241	1238.021048
373.505	1267.411427
373.748	1245.44223
373.992	1266.871721
374.255	1280.581734
374.499	1289.768906
374.742	1293.892419
375.006	1328.774286
375.25	1338.451086
375.493	1321.285417
375.757	1318.539045
376	1339.342153
376.244	1359.535027
376.507	1334.992547
376.751	1297.838525
376.994	1293.008202
377.258	1297.235141
377.501	1291.551153
377.745	1292.928194
378.008	1264.476896
378.252	1254.581486
378.495	1265.777784
378.759	1251.252243
379.002	1232.188532
379.245	1222.664138
379.509	1216.126756
379.752	1211.841399
379.995	1203.48447
380.259	1165.068358
380.502	1151.542361
380.745	1118.901381
381.009	1098.591862
381.252	1088.752619
381.495	1074.972115
381.759	1058.680076
382.002	1052.773229
382.245	1068.330895
382.508	1066.225437
382.752	1074.44665
382.995	1098.216516
383.258	1113.709353
383.501	1129.576951
383.744	1156.349785
384.008	1163.52752
384.251	1187.443238
384.494	1197.729603
384.757	1199.12543
385	1174.384341
385.243	1164.473953
385.506	1174.092682
385.749	1157.053
385.992	1145.527242
386.256	1135.640209
386.499	1127.843959
386.742	1132.47311
387.005	1133.987709
387.248	1140.433811
387.491	1152.551655
387.754	1137.135835
387.997	1127.731516
388.26	1114.696115
388.503	1121.572784
388.746	1132.082981
389.009	1137.364275
389.252	1148.437436
389.494	1155.717491
389.757	1137.73429
390	1139.967345
390.243	1146.57859
390.506	1145.321136
390.749	1152.116833
390.992	1160.26548
391.255	1163.935341
391.497	1164.867663
391.74	1153.247499
392.003	1137.315344
392.246	1120.966081
392.509	1113.454311
392.751	1115.706265
392.994	1100.931852
393.257	1077.679313
393.5	1051.898417
393.742	1033.970309
394.005	1021.543153
394.248	998.4714889
394.49	993.1331686
394.753	1003.468581
394.996	1014.336676
395.259	1033.307086
395.501	1053.141082
395.744	1064.812829
396.007	1068.160955
396.249	1069.516055
396.492	1083.932629
396.754	1091.21824
396.997	1105.183307
397.26	1089.324351
397.502	1084.659803
397.744	1074.773252
398.007	1050.7428
398.25	1040.442631
398.492	1031.513267
398.755	1009.558518
398.997	999.3343529
399.26	985.0152498
399.502	969.1582374
399.744	963.9377673
400.007	957.3725006
400.249	965.4431969
400.492	968.4009283
400.754	961.9828095
400.996	970.0380406
401.259	974.0412241
401.501	980.4889459
401.744	992.7330801
402.006	992.7166062
402.248	993.0660933
402.49	989.0648644
402.753	978.5601521
402.995	971.4721334
403.258	961.2157579
403.5	953.7438285
403.742	955.5562225
404.004	961.3888898
404.246	951.3211507
404.509	942.7459064
404.751	947.7426275
404.993	949.6446489
405.255	943.1647101
405.497	943.0948892
405.76	938.7445567
406.002	932.0236386
406.244	933.603474
406.506	923.1130265
406.748	916.8967989
406.99	915.0234144
407.252	903.4077754
407.494	891.2870236
407.757	879.2084492
407.999	875.5182901
408.241	880.3099215
408.503	879.6082163
408.745	874.5541843
409.007	874.5632692
409.249	871.9075204
409.491	871.4224488
409.753	873.360424
409.994	874.9715461
410.257	876.7298351
410.498	872.1301517
410.74	873.0816787
411.002	877.3602127
411.244	878.2510308
411.506	888.1426421
411.748	878.3921614
412.01	874.9313188
412.252	871.5189151
412.493	871.8474234
412.755	873.6993646
412.997	872.5095778
413.259	869.3185329
413.501	866.5603533
413.742	866.4967174
414.004	866.774418
414.246	861.6190382
414.508	861.5847387
414.749	858.4402338
414.991	860.600013
415.253	862.6141233
415.494	860.2429001
415.756	847.1473114
415.998	844.1855147
416.26	839.2341541
416.501	826.8344333
416.743	824.1279402
417.004	824.0768949
417.246	817.8822501
417.508	811.7222169
417.749	810.7072854
417.991	809.9590104
418.252	813.0359557
418.494	815.8019153
418.755	817.2229991
418.997	822.0694266
419.258	820.0009881
419.5	813.98449
419.741	807.9253765
420.003	802.3672001
420.244	795.4932174
420.506	790.6304681
420.747	784.1959195
421.008	777.1601139
421.25	770.6601947
421.491	767.5220782
421.753	770.9274522
421.994	773.2222361
422.255	782.8764768
422.497	786.8967394
422.758	792.837345
422.999	795.3556994
423.24	797.4904954
423.502	794.325001
423.743	791.6601633
424.004	791.4175167
424.246	784.7659471
424.507	779.0125714
424.748	770.6511793
425.009	768.278525
425.25	760.3444347
425.492	754.2434684
425.753	756.8397892
425.994	756.5759555
426.255	753.4921876
426.496	750.8828479
426.757	748.4452616
426.998	741.6618406
427.26	739.8153975
427.501	739.3517662
427.742	738.1786365
428.003	732.5583856
428.244	727.9305315
428.505	725.8469952
428.746	724.517029
429.007	722.1378113
429.248	718.3010277
429.509	719.3016985
429.75	715.2062772
429.991	714.686678
430.252	712.6306653
430.493	710.0474914
430.753	705.7286204
430.994	703.2497419
431.255	701.0529807
431.496	695.5824116
431.757	696.1091461
431.998	695.7106085
432.259	691.5510174
432.499	691.6567095
432.74	689.7673889
433.001	688.5583124
433.242	691.1174626
433.503	688.5273033
433.743	690.1495019
434.004	693.8125983
434.245	697.8532985
434.506	700.5180138
434.746	701.4553142
435.007	704.4492642
435.248	705.2238587
435.508	706.5595114
435.749	706.1814976
436.01	704.3744556
436.25	700.3346595
436.491	696.7391918
436.751	694.6328912
436.992	691.1083714
437.253	689.8822493
437.493	685.7389998
437.754	682.7947965
437.994	679.5177138
438.255	679.9532478
438.495	677.9005306
438.756	673.3926977
438.996	670.6020212
439.257	665.0996955
439.497	659.3090302
439.758	654.9402993
439.998	650.6693728
440.258	647.0443908
440.499	645.8102626
440.759	642.6197037
441	641.9550347
441.26	641.4170788
441.5	639.562117
441.741	641.7189215
442.001	641.526634
442.241	641.663452
442.502	639.0483924
442.742	637.1313929
443.002	635.6336515
443.242	635.8471324
443.503	636.1534182
443.743	636.1208793
444.003	634.4410733
444.243	633.3459003
444.503	634.6630972
444.744	637.2783476
445.004	638.8090955
445.244	639.4813704
445.504	639.8573996
445.744	639.6702393
446.004	637.2890396
446.244	635.1757546
446.504	634.3415794
446.744	635.1776054
447.004	631.8692114
447.244	628.7484023
447.505	625.7514705
447.745	622.8176209
448.005	618.4430492
448.244	616.2214289
448.504	614.3904318
448.744	615.0537035
449.004	614.7551033
449.244	614.7870427
449.504	612.9319422
449.744	611.9103792
450.004	612.5755008
450.244	615.8134047
450.504	618.4371519
450.744	620.2945599
451.003	621.7150102
451.243	623.0544711
451.503	622.8596674
451.743	622.6761423
452.003	622.6525314
452.242	621.8728005
452.502	620.9059714
452.742	618.489478
453.002	615.2783549
453.241	611.2287558
453.501	606.6773735
453.741	603.0323397
454	599.1949071
454.26	596.5112029
454.5	594.157879
454.759	591.1018311
454.999	587.8802508
455.258	584.2530093
455.498	582.1927517
455.757	579.4212652
455.997	578.4625551
456.257	577.2536363
456.496	575.7433085
456.756	573.8656377
456.995	572.3708599
457.255	569.8539036
457.494	568.4949275
457.754	567.4221454
457.993	566.6055591
458.252	567.7823351
458.492	570.1882219
458.751	572.0923611
458.991	573.6754869
459.25	575.4014616
459.509	577.7708472
459.749	582.2363732
460.008	585.2684453
460.247	585.7158936
460.507	585.3923766
460.746	583.6933796
461.005	581.4157363
461.244	580.1108979
461.504	577.7510479
461.743	574.0902348
462.002	571.5802774
462.241	568.9879358
462.5	568.4430878
462.76	567.2135996
462.999	566.7023944
463.258	567.1538825
463.497	568.2152898
463.756	569.308865
463.995	571.2957688
464.254	573.3883649
464.493	575.0661795
464.752	576.4263985
464.992	575.4742721
465.251	572.9699653
465.51	571.0165672
465.749	570.584516
466.008	568.7292521
466.247	565.9403013
466.505	563.2492088
466.744	559.8030767
467.003	557.0213767
467.242	555.6996772
467.501	553.5658484
467.74	552.9252742
467.999	553.0079771
468.258	552.9622358
468.497	552.5324421
468.755	551.1666878
468.994	549.7436564
469.253	548.8307981
469.492	548.5441189
469.751	548.8533611
470.009	549.2140943
470.248	549.1081234
470.507	549.2211629
470.746	549.0181394
471.004	549.6769249
471.243	550.3070544
471.502	551.5064642
471.74	550.5989522
471.999	549.7225144
472.257	550.7264232
472.496	551.1453832
472.755	551.5491057
472.993	551.527533
473.252	551.2768402
473.49	549.9745264
473.749	549.028857
474.007	548.772419
474.246	548.8850211
474.504	548.4888724
474.743	548.4640529
475.001	548.4975671
475.26	546.4720974
475.498	545.5742747
475.757	544.6300213
475.995	544.993117
476.253	544.8561912
476.492	544.1240969
476.75	544.3856136
477.008	545.6471698
477.247	546.0643905
477.505	547.1230713
477.744	548.6142498
478.002	549.625238
478.24	550.687841
478.498	551.0931459
478.756	552.4611088
478.995	551.8718864
479.253	551.5228884
479.491	551.1407802
479.749	550.7878664
480.007	551.5252739
480.246	551.465534
480.504	551.9256939
480.742	552.6646987
481	552.738803
481.258	552.8519718
481.496	551.7682085
481.754	551.5983457
481.992	551.8176032
482.25	551.7128201
482.508	551.931682
482.746	551.6631418
483.004	552.1074237
483.242	551.4367135
483.5	552.7102772
483.758	553.1754658
483.996	552.9873886
484.254	552.6151173
484.492	552.5049919
484.75	552.2353279
485.008	551.1240037
485.246	548.7458042
485.503	548.0963918
485.741	545.8604798
485.999	544.2288874
486.257	542.5972959
486.495	541.8571979
486.752	540.4223257
486.99	539.7281105
487.248	538.0169455
487.505	537.5258446
487.743	537.1073585
488.001	536.8090559
488.258	537.0626224
488.496	536.3311999
488.754	535.4430551
488.991	535.1134929
489.249	534.7788046
489.507	533.9912958
489.744	533.504144
490.002	532.8743152
490.259	532.4692032
490.497	532.0263353
490.754	530.2068561
490.992	529.3855588
491.249	528.3624741
491.507	527.7077731
491.744	526.9121879
492.002	525.9899094
492.259	523.7457538
492.497	522.5153509
492.754	521.9627107
492.991	521.6327401
493.249	521.0749838
493.506	520.0602826
493.743	519.0648873
494.001	518.46519
494.258	517.8093826
494.495	516.5773168
494.752	515.4305069
495.01	514.334825
495.247	512.2775718
495.504	510.8885238
495.741	509.3543177
495.999	507.474965
496.256	506.398056
496.493	506.4745896
496.75	505.839952
497.007	504.7465447
497.244	504.5346653
497.501	505.0083218
497.758	505.4237194
497.995	505.7282801
498.252	505.2556699
498.509	504.7004733
498.747	504.8903599
499.003	504.1065799
499.241	503.0167749
499.498	502.1663874
499.754	501.138188
499.991	500.4213064
500.248	499.8286265
500.505	498.6294721
500.742	497.756949
500.999	496.9770946
501.256	497.0785098
501.493	496.7902832
501.749	496.4726001
502.006	496.8569084
502.243	496.753498
502.5	496.940824
502.757	496.3005397
502.993	495.3941711
503.25	494.8086404
503.507	494.6154249
503.744	493.663341
504	491.9812014
504.257	490.7668601
504.494	489.3753669
504.75	488.5215496
505.007	487.4607925
505.243	486.8212409
505.5	486.2648694
505.756	485.648416
505.993	485.2098016
506.25	484.1934455
506.506	483.3398625
506.743	482.6851608
506.999	482.1239663
507.256	482.1037356
507.492	481.6234137
507.748	481.1364583
508.005	480.5414199
508.241	480.9517903
508.498	481.1187092
508.754	481.392856
508.991	481.4808024
509.247	481.4318456
509.503	481.0675423
509.759	481.1494714
509.996	480.5527861
510.252	480.1038127
510.508	478.8608712
510.745	478.4980624
511.001	477.7988621
511.257	477.3653234
511.493	477.4173341
511.749	477.572784
512.005	476.6753781
512.242	475.7696588
512.498	475.1520625
512.754	475.1643521
513.01	474.5362851
513.246	473.5600574
513.502	472.987717
513.758	472.1575444
513.994	471.6424658
514.25	471.2735827
514.506	471.2296991
514.742	471.3799011
514.998	471.1886965
515.254	470.9035356
515.49	470.7509516
515.746	470.38182
516.002	469.535067
516.258	468.8008705
516.494	468.2938895
516.75	468.0880397
517.005	467.2460692
517.241	466.3233263
517.497	465.8942907
517.753	465.5193248
518.008	465.2306595
518.244	465.2887369
518.5	465.4190854
518.756	465.5352321
518.992	465.3093506
519.247	465.5340726
519.503	465.0658106
519.758	464.3402526
519.994	463.5655881
520.25	462.6511348
520.505	462.3274656
520.741	461.5010574
520.997	460.9417616
521.252	460.1214189
521.507	459.3182488
521.743	458.6695092
521.999	457.9488723
522.254	456.9380653
522.509	456.4888769
522.745	455.8529724
523	455.4885041
523.256	454.3147691
523.491	453.0947896
523.747	452.2028846
524.002	451.8792528
524.257	451.5934446
524.493	450.9308131
524.748	450.4139683
525.003	450.2150664
525.258	450.126075
525.494	449.8352552
525.749	449.5927947
526.004	449.1461207
526.259	448.8492576
526.495	448.6500423
526.75	448.4762939
527.005	447.8845367
527.24	447.3524546
527.495	446.592369
527.75	446.0519486
528.005	445.8140391
528.241	445.1210618
528.496	444.640999
528.751	443.9696258
529.006	443.2768999
529.241	442.9148699
529.496	441.891813
529.751	441.2481362
530.006	441.1173556
530.241	440.7374093
530.496	440.3383472
530.751	440.015302
531.005	439.8749239
531.241	439.6980777
531.495	440.1754104
531.75	440.5159186
532.005	440.4545586
532.259	440.0058494
532.495	439.3617463
532.749	439.0884284
533.004	438.6677908
533.259	438.2822042
533.494	437.7463354
533.748	436.8668093
534.003	436.3702028
534.257	435.9460375
534.492	435.6278028
534.747	435.2254368
535.001	435.1595542
535.256	434.8803897
535.491	434.5069776
535.745	434.0458135
536	433.2725318
536.254	432.6963413
536.508	432.3541529
536.743	432.2401259
536.998	431.8418136
537.252	431.3025014
537.506	431.2364958
537.741	431.1825096
537.995	431.3506353
538.25	431.1116783
538.504	430.9922852
538.758	431.0748809
538.993	430.920304
539.247	431.1066708
539.501	431.1517698
539.756	431.2268166
539.99	431.541967
540.244	431.6672659
540.499	431.5779167
540.753	431.6229632
541.007	431.358543
541.241	431.0855275
541.495	430.4782452
541.749	429.1277523
542.003	428.0060397
542.257	426.8457923
542.492	425.4377935
542.746	424.6035476
543	424.0421179
543.254	423.4132366
543.508	423.184873
543.742	422.5994369
543.996	422.3719939
544.25	422.332496
544.504	422.526896
544.758	422.5927909
544.992	422.9659232
545.246	423.355223
545.499	423.4741358
545.753	423.7958595
546.007	424.0832534
546.241	424.0602889
546.495	424.4125294
546.749	424.4100786
547.002	424.1166274
547.256	423.5853227
547.509	423.0605595
547.744	422.7208413
547.997	422.2165582
548.251	421.6299261
548.504	421.1191579
548.758	420.6069178
548.992	420.4826478
549.245	420.1955785
549.499	419.9516115
549.752	419.9174116
550.006	419.4972861
550.259	419.037616
550.493	418.9116898
550.747	418.6555148
551	418.3940805
551.253	418.1149056
551.507	417.8049246
551.741	417.9104168
551.994	417.6855786
552.247	417.4785888
552.501	417.1982579
552.754	416.9602469
553.007	416.5271092
553.241	415.8116453
553.494	415.5809469
553.747	415.2452111
554	415.2447665
554.254	414.752209
554.507	414.2788309
554.74	414.2923883
554.993	414.3657631
555.247	414.2643268
555.5	414.3728967
555.753	414.0418706
556.006	413.5955597
556.259	413.4406319
556.492	413.4307915
556.745	413.7622195
556.998	414.0350534
557.251	414.376341
557.504	414.627402
557.757	415.0622934
557.99	415.5268996
558.243	415.8438371
558.496	416.2871227
558.749	416.7488761
559.002	417.1182884
559.255	417.3573981
559.507	417.8922247
559.741	418.1533895
559.993	418.5461927
560.246	418.7644509
560.499	418.7670407
560.752	418.6170794
561.004	418.3127123
561.257	417.5069348
561.509	416.8030252
561.743	415.8344105
561.995	414.9901396
562.248	414.2385457
562.5	413.4253779
562.753	412.710254
563.005	412.1431079
563.258	411.8408197
563.491	411.6230075
563.743	411.6844791
563.996	411.7720555
564.248	412.1077629
564.501	412.4122407
564.753	412.5901569
565.006	412.7172897
565.258	412.8349716
565.491	413.0358002
565.743	413.1367523
565.995	413.2700004
566.248	413.0614288
566.5	412.840933
566.752	412.8010541
567.004	412.5578635
567.257	412.221117
567.509	411.9399404
567.742	411.7387185
567.994	411.1931717
568.246	410.931869
568.498	410.6249377
568.75	410.2970935
569.002	410.3606698
569.254	410.2958697
569.506	409.9286836
569.758	409.7028827
569.991	409.5563956
570.243	409.5569937
570.495	409.4534735
570.747	409.2978486
570.999	409.0144449
571.251	408.7656155
571.503	408.6014782
571.754	408.2924958
572.006	407.9958719
572.258	407.8038898
572.491	407.7536903
572.742	407.9893161
572.994	408.1737097
573.246	407.9916192
573.498	408.0540032
573.749	408.0454959
574.001	408.3589479
574.253	408.6007791
574.504	408.7944066
574.756	408.7381391
575.008	408.4155271
575.259	407.9530322
575.492	407.5051539
575.743	406.971862
575.995	406.6369506
576.246	406.4536855
576.498	406.0914059
576.749	405.7623476
577.001	405.4782949
577.252	405.5465554
577.504	405.4989068
577.755	405.6521372
578.006	405.89542
578.258	405.9487827
578.509	405.9303091
578.741	406.1098366
578.992	406.2880188
579.244	406.7354138
579.495	407.1149945
579.746	407.4048874
579.998	407.581062
580.249	407.4793006
580.5	407.4791335
580.751	407.3065832
581.002	407.3840074
581.254	407.2445114
581.505	406.8460582
581.756	406.4742214
582.007	405.9706406
582.258	405.6959602
582.509	405.5588296
582.741	405.3655531
582.992	405.2393981
583.243	404.6930472
583.494	404.2670418
583.745	404.187945
583.996	404.0966788
584.247	403.8748275
584.498	403.8296337
584.748	403.5216748
584.999	403.0041089
585.25	402.71186
585.501	402.7637158
585.752	402.8339376
586.003	403.0326236
586.253	402.8895472
586.504	402.7447703
586.755	403.1625633
587.006	403.4848875
587.256	403.9659597
587.507	404.3253551
587.758	404.4587732
588.008	404.2977109
588.259	404.2586428
588.509	404.0243673
588.741	403.7183485
588.991	403.4565453
589.242	403.1014203
589.492	402.7886589
589.743	402.6651321
589.993	402.2839397
590.244	401.9598345
590.494	401.6673863
590.745	401.5955112
590.995	401.5747714
591.245	401.7225168
591.496	401.9596928
591.746	402.0828972
591.996	402.3065783
592.247	402.3873562
592.497	402.3680236
592.747	402.3151287
592.998	402.2153019
593.248	401.9770733
593.498	401.7826796
593.748	401.8094651
593.998	401.9267573
594.249	402.0223805
594.499	402.120615
594.749	401.8103621
594.999	401.6518124
595.249	401.5147128
595.499	401.4142174
595.749	401.157348
595.999	400.8871401
596.249	400.2360802
596.499	399.6617828
596.749	399.2237413
596.999	399.0115055
597.249	398.8291888
597.499	398.7021405
597.749	398.4148019
597.998	398.131688
598.248	397.7458466
598.498	397.5575455
598.748	397.4682796
598.998	397.3865358
599.247	397.2074439
599.497	397.0483403
599.747	396.5643348
599.997	396.1172938
600.246	395.7201469
600.496	395.4363789
600.746	395.1770191
600.995	394.9161358
601.245	394.6120309
601.494	394.373019
601.744	394.0835002
601.993	393.7428519
602.243	393.5701229
602.493	393.6769769
602.742	393.5051413
602.991	393.6284483
603.241	393.6472052
603.509	393.6437995
603.759	393.7566539
604.008	393.9817378
604.258	394.3272282
604.507	394.7978662
604.756	395.0322209
605.006	395.1183349
605.255	395.0025321
605.504	394.9222162
605.753	394.9059341
606.003	394.71477
606.252	394.3507125
606.501	393.803541
606.75	393.379823
606.999	393.0870887
607.248	392.8700071
607.497	392.7118768
607.747	392.4022119
607.996	391.8167602
608.245	391.3333289
608.494	390.843573
608.743	390.700886
608.992	390.7300442
609.241	390.6695968
609.509	390.6455302
609.758	390.6038855
610.007	390.8160743
610.255	391.1918412
610.504	391.5417633
610.753	391.7244155
611.002	391.8368353
611.251	391.8766251
611.5	391.9373807
611.748	391.6456596
611.997	391.1571775
612.246	390.81048
612.494	390.5073277
612.743	390.655845
612.992	390.8754851
613.26	391.2322211
613.508	391.4342451
613.757	391.4705617
614.005	391.7120275
614.254	392.255036
614.502	392.7491166
614.751	393.0020258
614.999	393.1630708
615.248	392.9968718
615.496	392.8466818
615.745	392.8366863
615.993	392.6839089
616.242	392.5403835
616.509	392.3765238
616.757	392.2900021
617.006	392.242727
617.254	392.0024101
617.502	391.9095979
617.751	391.8760522
617.999	391.6700128
618.247	391.5538316
618.495	391.5666219
618.743	391.533186
618.992	391.5706035
619.259	391.6387907
619.507	391.8985967
619.755	392.3077769
620.003	392.6451719
620.251	392.9139806
620.499	393.127454
620.747	393.2727497
620.995	393.3578166
621.243	393.3600537
621.491	393.2488746
621.758	392.6878624
622.006	392.1860146
622.254	391.7191545
622.502	391.2769728
622.75	390.9727246
622.998	390.6690018
623.245	390.4139728
623.493	390.1139366
623.741	390.0495053
624.008	390.0140743
624.256	390.0181959
624.503	390.0548884
624.751	389.8037104
624.999	389.9947138
625.246	389.983103
625.494	390.0042095
625.742	390.0702221
626.008	390.0820292
626.256	389.9936099
626.503	389.9098266
626.751	389.9061344
626.998	389.8535337
627.246	389.6596792
627.493	389.404778
627.741	389.7298394
628.007	390.2151914
628.255	390.4925812
628.502	390.7770455
628.749	390.9823652
628.997	391.0619089
629.244	391.1651638
629.491	391.2306528
629.758	391.312238
630.005	391.1933692
630.252	390.8068009
630.499	390.5905945
630.746	390.5525522
630.994	390.577222
631.241	390.4036277
631.507	390.2422018
631.754	390.232544
632.001	390.4316923
632.248	390.5240255
632.495	390.6375189
632.742	390.7594762
633.008	390.6625479
633.255	390.6060736
633.502	390.3859164
633.749	390.4139237
633.996	390.3600163
634.243	390.1597803
634.509	390.0756169
634.756	390.0180869
635.002	389.9389451
635.249	389.9563088
635.496	389.999422
635.743	389.8703371
636.008	389.8248805
636.255	389.6411974
636.502	389.4277259
636.749	389.3639884
636.995	389.2558862
637.242	389.1952474
637.507	389.1894762
637.754	389.0219346
638.001	388.9584083
638.247	389.1516261
638.494	389.2977282
638.759	389.3953066
639.006	389.461153
639.252	389.3926515
639.499	389.2490113
639.745	388.9317983
639.991	388.677982
640.257	388.5055311
640.503	388.2028144
640.75	387.8705781
640.996	387.6042981
641.242	387.3289481
641.507	386.9900219
641.754	386.8991665
642	386.8727676
642.246	386.8432487
642.492	386.7663209
642.757	386.5809633
643.003	386.5001863
643.25	386.4125934
643.496	386.4054249
643.742	386.5495622
644.007	386.7429301
644.253	386.6703533
644.499	386.7458155
644.745	386.8021612
644.991	386.9227319
645.256	387.0451775
645.502	387.0985759
645.748	387.1611237
645.993	387.1920392
646.258	387.3906291
646.504	387.4986868
646.75	387.5586655
646.996	387.850979
647.241	388.169705
647.506	388.6191865
647.752	388.8701007
647.998	388.8504288
648.243	388.7153746
648.508	388.6185885
648.753	388.623895
648.999	388.7705623
649.245	388.8066238
649.509	388.7581819
649.755	388.2803868
650	387.9029312
650.246	387.6345141
650.491	387.3433155
650.756	387.1896533
651.001	387.0967184
651.247	386.7030745
651.492	386.355261
651.756	386.0289044
652.002	385.7497096
652.247	385.5788207
652.492	385.3869984
652.756	384.9087582
653.002	384.5602739
653.247	384.4717484
653.492	384.4532788
653.756	384.6730712
654.001	384.9579995
654.247	385.2175343
654.492	385.4511126
654.756	385.8705176
655.001	386.3131716
655.246	386.788474
655.491	387.0069352
655.755	387.0230439
656	387.0353024
656.245	387.0234324
656.509	387.0919257
656.754	387.2341809
656.999	387.5110885
657.244	387.6515164
657.507	387.602762
657.752	387.5642075
657.997	387.3336157
658.242	387.1924245
658.505	387.1823552
658.75	387.2642928
658.995	387.3552704
659.258	387.4724521
659.503	387.6882586
659.748	387.7807478
659.993	387.8113855
660.256	387.7812556
660.501	387.7514836
660.745	387.8307606
661.009	387.793355
661.253	387.8799958
661.498	387.9262649
661.742	387.9891447
662.005	388.2147762
662.25	388.6999624
662.494	389.1398193
662.758	389.6241572
663.002	390.0961204
663.246	390.3239737
663.491	390.4996127
663.754	390.7183437
663.998	390.9141574
664.242	391.2672807
664.505	391.5572682
664.75	391.8653896
664.994	392.194476
665.257	392.3779378
665.501	392.6145865
665.745	392.8059071
666.008	392.8632077
666.252	392.7720239
666.496	392.646562
666.759	392.7202033
667.003	392.5978355
667.247	392.408351
667.491	392.1518323
667.754	391.871795
667.998	391.6002664
668.242	391.8125032
668.504	392.0949909
668.748	392.2940843
668.992	392.4819638
669.255	392.6124417
669.499	392.7850414
669.742	393.0124339
670.005	393.3013473
670.249	393.6196862
670.492	393.7910944
670.755	393.8065409
670.998	393.8300651
671.242	393.7973144
671.504	393.6995404
671.748	393.7002264
671.992	393.7799577
672.254	393.9275755
672.497	394.0334223
672.741	394.0318218
673.003	394.1854569
673.247	394.4397424
673.509	394.6749577
673.752	394.9674644
673.996	395.3751155
674.258	395.4583596
674.501	395.5473199
674.744	395.617369
675.006	395.4656439
675.25	395.4083788
675.493	395.1570273
675.755	394.9784999
675.998	394.9279945
676.241	394.9621419
676.503	395.1363267
676.746	395.4638923
677.008	395.8855955
677.251	396.3265851
677.494	396.6182812
677.756	396.8634598
677.999	397.2275408
678.242	397.5668352
678.504	397.7514979
678.747	397.6040216
679.008	397.3736203
679.251	397.1459095
679.494	397.0340215
679.756	397.1220667
679.999	397.3273312
680.242	397.5142821
680.503	397.5691043
680.746	397.6947381
681.007	397.8004226
681.25	397.9419974
681.493	398.1404974
681.754	398.297101
681.997	398.3875279
682.258	398.5418331
682.501	398.7312657
682.743	398.9270645
683.004	399.1253014
683.247	399.2382429
683.508	399.3323273
683.751	399.5817795
683.993	399.9125885
684.254	400.169853
684.497	400.4208271
684.758	400.5692974
685	400.8419399
685.242	401.1000356
685.503	401.395479
685.746	401.6436098
686.007	401.6784852
686.249	401.5308245
686.491	401.2557788
686.752	401.0350269
686.994	400.8333408
687.255	400.7662772
687.497	400.6090814
687.758	400.3502973
688	400.2468817
688.242	400.0066789
688.503	399.7756851
688.745	399.7208408
689.006	399.7654532
689.248	399.7229926
689.508	399.745269
689.75	399.7849766
689.992	400.0317195
690.252	400.6314567
690.494	401.2356597
690.755	401.6751802
690.997	402.1074131
691.257	402.6106875
691.499	403.1221426
691.759	403.4278889
692.001	403.6225656
692.243	403.5000855
692.503	403.4697387
692.745	403.6218268
693.005	403.8627873
693.246	404.0159874
693.507	404.1012036
693.748	404.0115181
694.008	403.8901217
694.25	403.9118537
694.491	404.0866726
694.751	404.3525323
694.993	404.7559527
695.253	404.9524194
695.494	405.3120609
695.754	405.7677604
695.995	406.1679194
696.255	406.3784322
696.497	406.5307509
696.756	406.6385318
696.998	406.5947763
697.258	406.2426535
697.499	405.7305589
697.758	405.1700151
698	404.7531037
698.241	404.7780746
698.5	405.1118393
698.742	405.3962436
699.001	405.6208501
699.242	405.8905947
699.502	406.0486698
699.743	406.2772784
700.002	406.4979557
700.243	406.7645419
700.503	406.9703853
700.744	407.0404176
701.003	407.1526102
701.244	407.3474646
701.503	407.5764288
701.744	407.8063135
702.003	408.0095085
702.244	408.0364875
702.503	408.0582886
702.744	408.1044668
703.003	408.2287198
703.244	408.3542211
703.503	408.4740985
703.744	408.7294994
704.003	408.9989935
704.243	409.3073631
704.502	409.6673266
704.743	409.8510207
705.002	410.0017094
705.242	410.2972983
705.501	410.7013015
705.742	411.2299563
706	411.6635947
706.241	411.8530324
706.5	411.9147644
706.758	412.0378915
706.999	412.1196843
707.258	412.1005224
707.498	412.0761505
707.756	411.8209924
707.997	411.6044942
708.255	411.5263977
708.496	411.7209243
708.754	411.5947203
708.994	411.6606882
709.253	411.6924477
709.493	411.5952524
709.751	411.9395195
709.991	412.3354995
710.25	412.7100552
710.508	413.0633194
710.748	413.5290983
711.006	414.1052354
711.246	414.582593
711.505	414.9791841
711.744	415.3040125
712.003	415.553193
712.243	415.68013
712.501	415.8281861
712.759	416.0647155
712.999	416.3161701
713.257	416.5524494
713.496	416.8631529
713.754	417.26479
713.994	417.7254801
714.252	418.0720426
714.492	418.2814019
714.75	418.4153865
715.008	418.452177
715.247	418.465593
715.505	418.5455422
715.744	418.4999276
716.002	418.4373231
716.242	418.5297444
716.499	418.7346881
716.757	418.7273033
716.996	418.5731931
717.254	418.392408
717.493	418.303035
717.751	418.2671986
718.009	418.2915472
718.248	418.0779983
718.505	417.8451422
718.745	417.4369967
719.002	417.1293678
719.241	417.0398168
719.499	416.9901393
719.756	417.0895106
719.995	417.307183
720.253	417.2723414
720.492	417.2707383
720.749	417.4448965
721.006	417.6702843
721.245	417.9787807
721.502	418.3503113
721.741	418.6260534
721.998	418.8789516
722.256	419.1070135
722.494	419.2966054
722.751	419.6478159
723.008	419.9919911
723.247	420.398268
723.504	420.5143463
723.743	420.5285889
724	420.5196099
724.257	420.4346967
724.495	420.5471417
724.752	420.7175836
725.009	421.0146056
725.248	421.2064415
725.504	421.3325343
725.743	421.4102349
726	421.5040285
726.256	421.8703406
726.495	422.2986481
726.751	422.677521
727.008	422.8842141
727.246	422.8240391
727.503	422.7899261
727.741	423.0539248
727.998	423.3372526
728.254	423.3166602
728.492	423.2539597
728.749	422.9282193
729.005	422.6115354
729.243	422.6666751
729.5	422.9242916
729.756	423.3940161
729.994	424.0673668
730.251	424.7461246
730.507	425.2770504
730.745	425.8192117
731.001	426.2951498
731.257	426.8248436
731.495	426.9428687
731.751	426.8747998
732.007	426.8876394
732.245	426.7154376
732.501	426.4936206
732.757	426.4972925
732.995	426.5962245
733.251	426.9906054
733.507	427.6250416
733.744	428.2985561
734	429.1097882
734.256	429.957257
734.494	430.8140071
734.75	431.5896675
735.005	432.0087544
735.243	432.0368972
735.499	431.9489852
735.754	431.7809118
735.992	431.3994946
736.247	431.050458
736.503	430.8141174
736.759	430.7712024
736.996	430.8269851
737.251	431.2671739
737.507	431.9269663
737.744	432.4451453
738	432.9500767
738.255	433.4235026
738.492	433.9613977
738.748	434.3312947
739.003	434.500073
739.258	434.4383514
739.495	434.2124829
739.751	434.0906076
740.006	433.9782983
740.243	433.8792154
740.498	433.7916637
740.753	433.6376763
741.008	433.4917552
741.245	433.675575
741.5	433.9791273
741.755	434.4499154
741.992	434.9942166
742.247	435.4403373
742.502	435.8925796
742.757	436.3155975
742.994	436.5665969
743.248	436.767509
743.503	436.8950745
743.758	436.9501423
743.995	437.0351745
744.249	437.1485292
744.504	437.2765574
744.759	437.5827895
744.995	438.0938898
745.25	438.808621
745.505	439.5262842
745.741	440.3749332
745.996	441.1695966
746.25	441.855198
746.505	442.3494824
746.759	442.8938063
746.995	443.2212241
747.25	443.4001924
747.504	443.4608639
747.759	443.395566
747.995	443.4469979
748.249	443.6842923
748.503	444.0198369
748.758	444.2809751
748.994	444.65196
749.248	445.1319236
749.502	445.6507238
749.756	446.4678409
749.992	446.9181106